1,2009/5/16 0:03,3996300,11644218,33,617,1
1,2009/5/16 0:01,3996276,11644199,111,0,0
1,2009/5/16 0:03,3996305,11644223,36,617,1
1,2009/5/16 0:03,3996314,11644232,36,668,0
1,2009/5/16 0:03,3996330,11644244,30,720,1
1,2009/5/16 0:10,3998838,11647619,171,0,0
1,2009/5/16 0:14,3998791,11648155,129,0,1
1,2009/5/16 0:27,3993180,11640297,114,0,0
1,2009/5/16 0:54,3993959,11641755,84,51,1
1,2009/5/16 1:18,3993332,11650012,174,0,0
1,2009/5/16 1:30,3991471,11647177,180,154,1
1,2009/5/16 1:37,3989737,11646105,165,0,0
1,2009/5/16 1:38,3989870,11646110,0,1080,1
1,2009/5/16 1:52,3990520,11645909,219,0,0
1,2009/5/16 5:35,3990709,11645755,0,205,1
1,2009/5/16 5:59,4004763,11660896,144,1749,0
1,2009/5/16 10:36,3997585,11630298,285,205,1
1,2009/5/16 11:09,4007941,11658229,261,0,0
1,2009/5/16 11:55,3998688,11645926,195,874,1
1,2009/5/16 12:10,3994809,11640136,231,154,0
1,2009/5/16 12:16,3997320,11638812,357,1543,1
1,2009/5/16 12:31,4001048,11634628,33,0,0
1,2009/5/16 12:32,4001322,11634605,357,411,1
1,2009/5/16 12:54,4004055,11628948,159,0,0
1,2009/5/16 13:02,4002595,11630727,174,771,1
1,2009/5/16 13:08,4001492,11631141,156,1389,0
1,2009/5/16 13:14,4000243,11630888,177,1491,1
1,2009/5/16 13:35,3997937,11641820,354,308,0
1,2009/5/16 13:37,3997968,11642476,177,668,1
1,2009/5/16 13:48,3996314,11642150,141,0,0
1,2009/5/16 14:06,3996604,11641865,354,771,1
1,2009/5/16 14:06,3996623,11641866,354,411,0
1,2009/5/16 14:06,3996658,11641871,354,668,1
1,2009/5/16 14:30,3990532,11645073,213,0,0
1,2009/5/16 14:34,3990442,11644473,90,668,1
1,2009/5/16 14:49,3993021,11649716,93,0,0
1,2009/5/16 14:49,3993046,11649593,330,565,1
1,2009/5/16 15:13,3993973,11641881,153,0,0
1,2009/5/16 15:14,3993965,11641714,267,1080,1
1,2009/5/16 15:56,4005286,11660830,321,51,0
1,2009/5/16 16:49,3999353,11646646,219,308,1
1,2009/5/16 16:59,4000203,11647236,216,0,0
1,2009/5/16 16:59,4000097,11647244,180,720,1
1,2009/5/16 17:00,4000076,11647245,177,771,0
1,2009/5/16 17:00,3999979,11647252,174,977,1
1,2009/5/16 17:28,3990733,11644363,267,0,0
1,2009/5/16 17:31,3991196,11643539,267,977,1
1,2009/5/16 17:50,3994487,11637975,201,0,0
1,2009/5/16 18:29,3996650,11633580,267,1234,1
1,2009/5/16 18:37,3995356,11632924,183,0,0
1,2009/5/16 19:04,3997586,11630323,267,565,1
1,2009/5/16 19:23,3999904,11634485,69,0,0
1,2009/5/16 19:32,3999148,11632778,267,874,1
1,2009/5/16 19:39,3996641,11632555,66,0,0
1,2009/5/16 19:46,3997469,11630931,267,1080,1
1,2009/5/16 20:02,3995440,11627339,351,0,0
1,2009/5/16 20:09,3995567,11627214,261,1183,1
1,2009/5/16 20:19,3992344,11628049,309,0,0
1,2009/5/16 20:43,3993340,11630386,177,1389,1
1,2009/5/16 20:48,3995037,11631093,213,0,0
1,2009/5/16 20:48,3995037,11631093,210,0,1
1,2009/5/16 20:49,3995182,11631107,3,463,0
1,2009/5/16 20:51,3995500,11631111,354,51,1
1,2009/5/16 20:55,3996574,11631947,87,1028,0
1,2009/5/16 21:01,3996814,11631935,357,874,1
1,2009/5/16 21:14,3997646,11631078,165,360,0
1,2009/5/16 21:15,3997635,11631081,165,154,1
1,2009/5/16 21:30,3995850,11638901,339,0,0
1,2009/5/16 21:30,3995850,11638901,339,0,1
1,2009/5/16 21:31,3995846,11638902,279,0,0
1,2009/5/16 21:32,3995989,11638877,357,1389,1
1,2009/5/16 21:43,4000497,11635926,330,102,0
1,2009/5/16 21:44,4000342,11636105,147,1028,1
1,2009/5/16 21:44,4000315,11636125,150,1183,0
1,2009/5/16 21:45,4000241,11636185,147,1440,1
1,2009/5/16 21:53,3999289,11640123,180,411,0
1,2009/5/16 21:53,3999281,11640123,180,360,1
1,2009/5/16 21:54,3999078,11640092,267,411,0
1,2009/5/16 22:00,3999170,11638089,177,1183,1
1,2009/5/16 22:23,3987270,11648910,96,0,0
1,2009/5/16 22:43,3987010,11647193,267,514,1
1,2009/5/16 23:01,3984191,11637247,225,0,0
1,2009/5/16 23:20,3987925,11639240,180,51,1
1,2009/5/16 23:33,3983579,11639440,66,0,0
1,2009/5/16 23:34,3983633,11639264,279,977,1
1,2009/5/16 23:36,3983937,11638221,255,0,0
1,2009/5/16 23:39,3984048,11638195,357,463,1
1,2009/5/16 23:39,3984056,11638195,342,308,0
1,2009/5/16 23:39,3984092,11638044,357,771,1
1,2009/5/16 23:42,3984858,11637708,285,771,0
2,2009/5/16 0:00,3993220,11643586,87,1234,1
2,2009/5/16 0:27,3991984,11651506,354,823,0
2,2009/5/16 6:05,4004311,11641659,150,0,1
2,2009/5/16 6:55,4002473,11627259,9,0,0
2,2009/5/16 6:58,4001949,11627680,141,1286,1
2,2009/5/16 7:09,3995941,11630675,0,360,0
2,2009/5/16 7:20,3997238,11633232,168,463,1
2,2009/5/16 7:35,3997353,11629532,312,514,0
2,2009/5/16 7:39,3998303,11629384,120,0,1
2,2009/5/16 8:20,3998106,11630112,21,0,0
2,2009/5/16 12:26,4009177,11640680,174,2109,1
2,2009/5/16 12:45,4000590,11644403,177,617,0
2,2009/5/16 12:46,4000557,11644417,0,205,1
2,2009/5/16 13:09,3998317,11648902,6,102,0
2,2009/5/16 13:27,4001980,11644165,90,823,1
2,2009/5/16 13:39,3998159,11646028,159,0,0
2,2009/5/16 13:58,3997606,11645788,186,205,1
2,2009/5/16 14:07,3996023,11644469,57,411,0
2,2009/5/16 14:09,3996111,11644166,303,771,1
2,2009/5/16 14:20,3999226,11641985,87,1646,0
2,2009/5/16 14:40,4000129,11639512,267,1697,1
2,2009/5/16 14:49,3999127,11634663,180,771,0
2,2009/5/16 15:28,3999337,11640195,99,0,1
2,2009/5/16 15:34,4000035,11640692,3,51,0
2,2009/5/16 15:38,4000614,11641072,315,154,1
2,2009/5/16 15:47,3999344,11640122,219,565,0
2,2009/5/16 15:49,3999082,11640118,138,205,1
2,2009/5/16 15:59,3994899,11640175,180,1131,0
2,2009/5/16 16:27,4002465,11641185,0,514,1
2,2009/5/16 16:45,4005887,11641518,78,411,0
2,2009/5/16 17:01,4004213,11642107,192,411,1
2,2009/5/16 17:15,4000133,11640435,285,257,0
2,2009/5/16 17:19,4000375,11639501,237,463,1
2,2009/5/16 17:34,3998482,11632429,270,926,0
2,2009/5/16 17:42,3999165,11633282,75,463,1
2,2009/5/16 18:00,3997499,11645525,129,1389,0
2,2009/5/16 18:10,3998820,11642984,267,360,1
2,2009/5/16 18:26,3996100,11642735,162,360,0
3,2009/5/16 0:03,3995195,11627363,255,668,1
3,2009/5/16 0:00,3995109,11627485,69,0,0
3,2009/5/16 0:03,3995195,11627377,270,668,1
3,2009/5/16 0:02,3995147,11627462,78,0,0
3,2009/5/16 0:03,3995193,11627356,249,617,1
3,2009/5/16 0:19,3983351,11627838,171,0,0
3,2009/5/16 0:45,3995154,11627281,246,154,1
3,2009/5/16 0:58,3998867,11639874,135,411,0
3,2009/5/16 0:59,3998888,11639893,333,154,1
3,2009/5/16 1:15,3996546,11644524,117,257,0
3,2009/5/16 1:15,3996541,11644537,117,154,1
3,2009/5/16 1:15,3996562,11644526,42,205,0
3,2009/5/16 1:17,3996325,11644235,219,463,1
3,2009/5/16 1:23,3993222,11644979,162,0,0
3,2009/5/16 1:25,3993238,11645173,87,874,1
3,2009/5/16 1:42,3992812,11645519,180,977,0
3,2009/5/16 1:48,3993236,11643118,267,1594,1
3,2009/5/16 1:53,3990368,11642109,270,823,0
3,2009/5/16 2:57,3995182,11627348,255,565,1
3,2009/5/16 3:07,3993738,11632927,48,102,0
3,2009/5/16 3:12,3994419,11629558,294,1440,1
3,2009/5/16 3:12,3994430,11629525,294,1491,0
3,2009/5/16 3:12,3994460,11629440,294,1594,1
3,2009/5/16 3:20,3993284,11632535,324,0,0
3,2009/5/16 3:30,3995241,11627432,264,668,1
3,2009/5/16 3:33,3995566,11627218,261,1337,0
3,2009/5/16 3:33,3995563,11627186,261,1337,1
3,2009/5/16 3:33,3995555,11627076,264,1183,0
3,2009/5/16 4:07,3995060,11627367,132,977,1
3,2009/5/16 4:16,3990195,11629629,3,360,0
3,2009/5/16 6:28,3997997,11620098,177,1131,1
3,2009/5/16 6:43,3996681,11629568,18,0,0
3,2009/5/16 6:46,3995230,11629874,78,1234,1
3,2009/5/16 6:53,3993859,11634846,45,0,0
3,2009/5/16 7:07,3994367,11629746,291,1131,1
3,2009/5/16 7:40,4007894,11658656,219,0,0
3,2009/5/16 8:17,3995195,11627395,273,308,1
3,2009/5/16 10:28,3993710,11638970,192,0,0
3,2009/5/16 12:10,3995199,11627411,285,463,1
3,2009/5/16 12:24,3992290,11629547,264,154,0
3,2009/5/16 12:24,3992278,11629378,270,823,1
3,2009/5/16 12:34,3990894,11629143,270,102,0
3,2009/5/16 12:57,3995203,11627407,285,360,1
3,2009/5/16 13:02,3995792,11628211,351,0,0
3,2009/5/16 13:14,3995164,11627452,291,617,1
3,2009/5/16 13:23,3990696,11626811,255,0,0
3,2009/5/16 13:33,3995183,11627423,306,411,1
3,2009/5/16 13:50,3996123,11631385,132,154,0
3,2009/5/16 14:05,3995187,11627445,333,308,1
3,2009/5/16 14:43,3997170,11629657,105,0,0
3,2009/5/16 14:49,3997274,11628531,264,1131,1
3,2009/5/16 14:53,3997203,11627610,54,1286,0
3,2009/5/16 15:03,3997275,11628547,264,926,1
3,2009/5/16 15:23,3989185,11627547,264,668,0
3,2009/5/16 22:27,3994554,11626647,84,720,1
3,2009/5/16 22:27,3994554,11626656,87,720,0
3,2009/5/16 22:27,3994553,11626701,90,565,1
3,2009/5/16 22:44,4000038,11635856,138,0,0
3,2009/5/16 22:46,3999970,11634713,264,154,1
3,2009/5/16 22:55,3995445,11633586,81,51,0
3,2009/5/16 22:58,3994869,11634183,246,926,1
3,2009/5/16 23:13,3995564,11627109,108,0,0
3,2009/5/16 23:57,3995207,11627379,255,720,1
4,2009/5/16 5:37,4008231,11655211,186,1852,0
4,2009/5/16 6:32,3996906,11638863,354,771,1
4,2009/5/16 6:38,3995012,11638911,342,0,0
4,2009/5/16 6:57,3995474,11635530,354,668,1
4,2009/5/16 7:03,3997637,11633940,354,411,0
4,2009/5/16 7:11,3997042,11635957,0,0,1
4,2009/5/16 7:26,4000212,11629564,351,0,0
4,2009/5/16 7:32,3999949,11629554,165,360,1
4,2009/5/16 7:40,3998356,11630759,315,565,0
4,2009/5/16 7:51,3996763,11632783,177,1234,1
4,2009/5/16 7:56,3994204,11630172,276,514,0
4,2009/5/16 8:03,3993926,11630761,114,1286,1
4,2009/5/16 8:13,3996324,11632324,87,463,0
4,2009/5/16 10:23,3997806,11628322,210,823,1
4,2009/5/16 10:32,3990523,11626765,189,0,0
4,2009/5/16 10:42,3992624,11628089,99,565,1
4,2009/5/16 10:56,3996607,11633151,93,977,0
4,2009/5/16 10:57,3996606,11633200,75,360,1
4,2009/5/16 11:09,3995009,11640139,333,0,0
4,2009/5/16 11:19,3995668,11637028,267,565,1
4,2009/5/16 11:29,3993662,11633940,243,0,0
4,2009/5/16 11:54,3995005,11637863,264,308,1
4,2009/5/16 12:04,3993824,11637602,351,257,0
4,2009/5/16 12:07,3994137,11637307,3,411,1
4,2009/5/16 12:22,3989255,11643876,309,463,0
4,2009/5/16 13:42,3997383,11639449,84,565,1
4,2009/5/16 13:58,3999965,11645680,3,874,0
4,2009/5/16 14:23,3998978,11640151,0,1183,1
4,2009/5/16 14:45,4004510,11641034,102,0,0
4,2009/5/16 14:50,4003723,11641585,180,1028,1
4,2009/5/16 15:19,3995396,11646189,174,0,0
4,2009/5/16 15:31,3994999,11643395,351,308,1
4,2009/5/16 15:34,3995832,11643208,264,720,0
4,2009/5/16 15:48,3995795,11641165,261,617,1
4,2009/5/16 16:09,3996623,11632034,147,0,0
4,2009/5/16 16:09,3996635,11631948,357,463,1
4,2009/5/16 16:20,3999034,11632124,6,0,0
4,2009/5/16 16:20,3999126,11632227,84,617,1
4,2009/5/16 16:50,4003256,11635301,171,0,0
4,2009/5/16 17:27,3997152,11638233,84,411,1
4,2009/5/16 17:37,3996084,11642107,324,0,0
4,2009/5/16 17:37,3996090,11642000,78,565,1
4,2009/5/16 17:37,3996083,11642107,330,0,0
4,2009/5/16 17:38,3996078,11642101,252,514,1
4,2009/5/16 17:55,3999845,11639861,15,257,0
4,2009/5/16 18:17,3997139,11638425,87,154,1
4,2009/5/16 18:26,3995009,11637613,267,668,0
4,2009/5/16 19:46,3995087,11635170,249,411,1
4,2009/5/16 20:00,3991262,11634282,270,0,0
4,2009/5/16 20:10,3992241,11635161,264,617,1
4,2009/5/16 20:16,3991736,11634045,138,0,0
4,2009/5/16 20:31,3993523,11635479,84,668,1
4,2009/5/16 21:10,3991481,11650240,276,874,0
4,2009/5/16 21:09,3991455,11650002,345,0,1
4,2009/5/16 21:11,3991492,11650200,93,0,0
4,2009/5/16 21:21,3992684,11647739,90,514,1
4,2009/5/16 21:27,3993396,11649306,69,514,0
4,2009/5/16 21:38,3992859,11646688,345,617,1
4,2009/5/16 21:46,3992560,11644987,87,565,0
4,2009/5/16 21:49,3993094,11644441,0,360,1
4,2009/5/16 21:58,3989593,11645517,180,205,0
4,2009/5/16 21:58,3989586,11645514,180,51,1
4,2009/5/16 21:58,3989544,11645502,180,308,0
4,2009/5/16 22:14,3990916,11642083,354,771,1
4,2009/5/16 22:33,3999402,11641098,6,668,0
4,2009/5/16 22:41,3998742,11640751,267,1183,1
4,2009/5/16 22:44,3998714,11637985,3,463,0
4,2009/5/16 22:46,3998660,11637430,270,771,1
4,2009/5/16 23:00,4001928,11627685,144,1080,0
4,2009/5/16 23:29,3997401,11630035,354,565,1
4,2009/5/16 23:52,3986272,11640728,243,308,0
5,2009/5/16 0:20,4005302,11660862,252,771,1
5,2009/5/16 0:20,4005294,11660839,246,977,0
5,2009/5/16 0:25,4003363,11657718,258,2623,1
5,2009/5/16 0:44,3995635,11644826,39,1234,0
5,2009/5/16 1:12,4007910,11658146,261,771,1
5,2009/5/16 1:44,3988797,11640044,189,0,0
5,2009/5/16 7:27,3999240,11641554,282,874,1
5,2009/5/16 7:51,4007821,11658674,213,0,0
5,2009/5/16 8:21,4002015,11647482,84,1080,1
5,2009/5/16 10:25,3999206,11634643,264,668,0
5,2009/5/16 10:32,4000287,11634624,174,1080,1
5,2009/5/16 11:05,3992289,11645029,246,0,0
5,2009/5/16 11:07,3992211,11644656,252,411,1
5,2009/5/16 11:30,3995063,11635015,255,0,0
5,2009/5/16 11:41,3998555,11633920,267,926,1
5,2009/5/16 12:19,3987289,11630535,174,1594,0
5,2009/5/16 13:38,3989646,11634383,57,463,1
5,2009/5/16 13:54,3990586,11640027,117,0,0
5,2009/5/16 13:59,3989903,11639403,258,1080,1
5,2009/5/16 14:34,3993204,11638674,96,360,0
5,2009/5/16 14:39,3992298,11638750,177,1286,1
5,2009/5/16 14:57,3991774,11633882,354,0,0
5,2009/5/16 15:01,3992063,11634686,171,411,1
5,2009/5/16 15:06,3991266,11634272,291,0,0
5,2009/5/16 15:06,3991266,11634272,291,0,1
5,2009/5/16 15:07,3991263,11633930,273,154,0
5,2009/5/16 15:30,3989595,11633033,84,360,1
5,2009/5/16 15:50,3993936,11634833,192,0,0
5,2009/5/16 16:00,3996098,11633684,135,617,1
5,2009/5/16 16:07,3994363,11634371,171,668,0
5,2009/5/16 16:15,3996548,11632833,357,926,1
5,2009/5/16 16:28,3996003,11636441,177,102,0
5,2009/5/16 16:41,3997564,11638191,9,720,1
5,2009/5/16 16:48,3998847,11639517,213,0,0
5,2009/5/16 19:24,4007914,11658692,315,0,1
5,2009/5/16 19:34,4006299,11655035,276,0,0
5,2009/5/16 19:54,4007906,11658703,0,154,1
5,2009/5/16 20:24,3991516,11641116,315,0,0
5,2009/5/16 20:33,3992961,11640276,357,1080,1
5,2009/5/16 20:36,3993936,11640716,306,0,0
5,2009/5/16 21:02,4004940,11658274,33,1337,1
5,2009/5/16 21:06,4006022,11657602,111,0,0
5,2009/5/16 22:24,4007932,11658222,261,565,1
5,2009/5/16 22:52,3990000,11641056,234,0,0
5,2009/5/16 22:56,3990696,11640537,354,514,1
5,2009/5/16 23:19,3988968,11628907,0,720,0
5,2009/5/16 23:25,3989526,11631682,354,308,1
5,2009/5/16 23:56,4002967,11628941,6,0,0
6,2009/5/16 0:00,3993915,11635727,90,257,1
6,2009/5/16 0:00,3993916,11635733,90,51,0
6,2009/5/16 0:05,3993949,11636982,177,0,1
6,2009/5/16 0:05,3993951,11636983,177,0,0
6,2009/5/16 0:23,3993957,11641378,84,0,1
6,2009/5/16 0:33,3990668,11645422,21,0,0
6,2009/5/16 0:44,3992862,11643752,0,205,1
6,2009/5/16 0:45,3992871,11643752,357,154,0
6,2009/5/16 0:45,3992901,11643751,0,51,1
6,2009/5/16 0:57,3997577,11640056,141,0,0
6,2009/5/16 1:07,3996164,11643083,96,360,1
6,2009/5/16 1:14,3997675,11642486,144,0,0
6,2009/5/16 1:21,3996599,11642958,0,668,1
6,2009/5/16 1:34,3987491,11645212,246,0,0
6,2009/5/16 1:38,3988855,11643855,351,1749,1
6,2009/5/16 1:44,3989544,11641069,177,154,0
6,2009/5/16 2:06,3993327,11642880,0,668,1
6,2009/5/16 2:09,3994229,11643835,357,977,0
6,2009/5/16 2:27,3993244,11642886,273,102,1
6,2009/5/16 2:34,3990818,11640892,246,0,0
6,2009/5/16 2:35,3990817,11640762,297,411,1
6,2009/5/16 2:58,3989047,11621986,180,51,0
6,2009/5/16 6:46,3999162,11637005,147,1080,1
6,2009/5/16 7:09,4000685,11633033,159,1183,0
6,2009/5/16 8:01,3995397,11626951,174,1286,1
6,2009/5/16 8:15,3998027,11635315,258,102,0
6,2009/5/16 8:15,3998019,11635145,264,1028,1
6,2009/5/16 8:24,3999165,11633086,345,308,0
6,2009/5/16 10:29,3992699,11619140,186,0,1
6,2009/5/16 10:41,3990616,11620985,186,0,0
6,2009/5/16 11:24,3992771,11626237,90,823,1
6,2009/5/16 11:31,3993632,11626941,240,0,0
6,2009/5/16 11:32,3993630,11626862,309,411,1
6,2009/5/16 11:52,3994514,11633574,75,668,0
6,2009/5/16 11:58,3995066,11634181,165,1028,1
6,2009/5/16 11:58,3995038,11634190,165,1028,0
6,2009/5/16 11:58,3995018,11634196,165,1028,1
6,2009/5/16 12:20,3992201,11631631,174,0,0
6,2009/5/16 12:22,3992231,11631639,81,565,1
6,2009/5/16 12:42,3991280,11637239,33,0,0
6,2009/5/16 12:42,3991280,11637239,108,0,1
6,2009/5/16 12:42,3991280,11637240,96,51,0
6,2009/5/16 13:00,3992744,11630433,357,1028,1
6,2009/5/16 13:08,3993095,11633641,105,308,0
6,2009/5/16 13:10,3992683,11633689,87,823,1
6,2009/5/16 13:10,3992683,11633708,87,668,0
6,2009/5/16 13:10,3992685,11633734,81,0,1
6,2009/5/16 13:20,3995089,11632828,246,205,0
6,2009/5/16 13:22,3995385,11631750,351,1131,1
6,2009/5/16 13:35,3997462,11630399,57,0,0
6,2009/5/16 13:42,3998418,11629576,267,514,1
6,2009/5/16 14:13,3982224,11630713,6,102,0
6,2009/5/16 14:31,3982952,11635172,87,771,1
6,2009/5/16 14:41,3983670,11640039,27,0,0
6,2009/5/16 14:45,3984540,11639951,336,514,1
6,2009/5/16 15:16,3983972,11631438,102,0,0
6,2009/5/16 15:16,3983964,11631506,99,771,1
6,2009/5/16 16:00,3994338,11642106,270,0,0
6,2009/5/16 16:02,3994610,11641933,3,308,1
6,2009/5/16 16:02,3994805,11642089,84,1286,0
7,2009/5/16 0:04,4001009,11642970,180,565,1
7,2009/5/16 0:01,4000778,11641882,90,2006,0
7,2009/5/16 0:04,4000999,11642969,177,514,1
7,2009/5/16 0:13,3999217,11642331,0,0,0
7,2009/5/16 0:22,3998914,11647715,39,668,1
7,2009/5/16 0:27,4000049,11646544,216,0,0
7,2009/5/16 0:31,3998889,11647680,219,1440,1
7,2009/5/16 0:44,3999642,11649606,0,0,0
7,2009/5/16 0:45,3999705,11649554,339,51,1
7,2009/5/16 0:55,3993538,11648775,0,0,0
7,2009/5/16 1:02,3996779,11648386,0,1286,1
7,2009/5/16 1:15,4000687,11653141,75,154,0
7,2009/5/16 1:17,4000286,11652300,252,1234,1
7,2009/5/16 1:27,3999391,11646540,315,0,0
7,2009/5/16 1:33,4000393,11647222,180,720,1
7,2009/5/16 1:44,3999752,11641667,270,1337,0
8,2009/5/16 0:00,3991812,11645464,54,0,1
8,2009/5/16 0:22,3991648,11657751,312,0,0
8,2009/5/16 0:22,3991648,11657750,312,0,1
8,2009/5/16 0:22,3991648,11657750,312,0,0
8,2009/5/16 0:26,3991458,11656489,276,874,1
8,2009/5/16 0:32,3991801,11655692,9,102,0
8,2009/5/16 0:35,3991512,11655554,267,977,1
8,2009/5/16 0:46,3991698,11650828,264,205,0
8,2009/5/16 0:58,3992290,11647217,342,411,1
8,2009/5/16 0:59,3992295,11647216,348,514,0
8,2009/5/16 0:59,3992507,11647216,351,308,1
8,2009/5/16 1:11,3996467,11647788,183,0,0
8,2009/5/16 1:11,3996467,11647788,189,0,1
8,2009/5/16 1:12,3996483,11647806,63,0,0
8,2009/5/16 1:18,3995678,11648103,150,308,1
8,2009/5/16 1:26,3992922,11649838,111,102,0
8,2009/5/16 5:27,3993310,11645576,357,1183,1
8,2009/5/16 5:45,4005347,11661045,189,102,0
8,2009/5/16 5:49,4004573,11660928,255,411,1
8,2009/5/16 5:49,4004572,11660913,258,360,0
8,2009/5/16 12:05,3998764,11641385,261,926,1
8,2009/5/16 12:22,3995173,11634936,21,0,0
8,2009/5/16 12:25,3995685,11634190,267,720,1
8,2009/5/16 12:32,3994548,11633630,114,823,0
8,2009/5/16 12:31,3994660,11633557,240,823,1
8,2009/5/16 12:32,3994543,11633654,108,977,0
8,2009/5/16 12:33,3994308,11634342,141,154,1
8,2009/5/16 12:33,3994306,11634343,162,102,0
8,2009/5/16 12:34,3994290,11634368,111,565,1
8,2009/5/16 12:55,3988194,11626515,165,0,0
8,2009/5/16 12:55,3988194,11626516,234,0,1
8,2009/5/16 12:55,3988192,11626510,261,0,0
8,2009/5/16 13:27,3989554,11632241,6,0,1
8,2009/5/16 13:57,3980437,11639926,186,0,0
8,2009/5/16 13:57,3980436,11639926,69,0,1
8,2009/5/16 13:57,3980437,11639927,30,0,0
8,2009/5/16 14:22,3985546,11639739,84,411,1
8,2009/5/16 14:29,3984092,11640599,309,0,0
8,2009/5/16 14:30,3984095,11640276,270,1183,1
8,2009/5/16 14:38,3984064,11638824,87,1131,0
8,2009/5/16 14:53,3986000,11639433,357,1234,1
8,2009/5/16 15:10,3988262,11643424,177,617,0
8,2009/5/16 15:14,3988301,11643382,87,0,1
8,2009/5/16 15:23,3989202,11646616,132,0,0
8,2009/5/16 15:59,3991204,11647190,0,1389,1
8,2009/5/16 15:59,3991217,11647190,0,1389,0
8,2009/5/16 16:00,3991291,11647190,357,1028,1
8,2009/5/16 16:14,3995542,11646187,39,0,0
8,2009/5/16 16:44,3999349,11640183,81,565,1
8,2009/5/16 16:49,4000122,11639827,270,1131,0
8,2009/5/16 16:50,4000107,11639085,267,1389,1
8,2009/5/16 16:55,4000038,11636737,267,926,0
8,2009/5/16 16:55,4000038,11636714,264,926,1
8,2009/5/16 16:56,4000025,11636567,270,205,0
8,2009/5/16 17:03,3999701,11633383,177,1234,1
8,2009/5/16 17:29,3995644,11635895,75,102,0
8,2009/5/16 17:29,3995646,11635911,81,514,1
8,2009/5/16 17:30,3995644,11636229,96,1337,0
8,2009/5/16 17:39,3996663,11633791,261,154,1
8,2009/5/16 18:02,3995148,11627275,339,0,0
8,2009/5/16 18:07,3995657,11628621,75,1697,1
8,2009/5/16 18:20,3993673,11633356,192,0,0
8,2009/5/16 18:21,3993703,11633736,87,1697,1
8,2009/5/16 18:23,3993894,11634864,87,617,0
8,2009/5/16 18:26,3993914,11634629,258,463,1
8,2009/5/16 18:32,3994599,11635440,153,0,0
8,2009/5/16 18:35,3995054,11634952,345,1543,1
8,2009/5/16 18:43,3997154,11632787,357,257,0
8,2009/5/16 18:43,3997168,11632786,357,668,1
8,2009/5/16 18:44,3997487,11632770,180,0,0
8,2009/5/16 18:50,3997973,11631709,84,565,1
8,2009/5/16 19:02,3997612,11635952,354,205,0
8,2009/5/16 19:01,3997528,11635902,171,0,1
8,2009/5/16 19:02,3997614,11635952,357,205,0
8,2009/5/16 19:05,3997718,11636356,180,1080,1
8,2009/5/16 19:10,3996417,11636122,9,411,0
8,2009/5/16 19:30,3995129,11634162,162,205,1
8,2009/5/16 19:50,3989480,11630519,87,1337,0
8,2009/5/16 21:30,3992304,11634688,189,617,1
8,2009/5/16 21:42,3989082,11633519,321,0,0
8,2009/5/16 21:59,3990227,11634663,15,565,1
8,2009/5/16 22:22,3992819,11643744,354,514,0
8,2009/5/16 22:23,3992912,11643748,0,565,1
8,2009/5/16 22:34,3993217,11638640,126,0,0
8,2009/5/16 22:40,3993736,11637325,354,617,1
8,2009/5/16 22:47,3996642,11636835,279,0,0
8,2009/5/16 22:54,3995862,11637300,183,1749,1
8,2009/5/16 22:55,3995795,11637292,183,1749,0
8,2009/5/16 22:55,3995549,11637285,177,1646,1
8,2009/5/16 23:12,3987607,11633406,15,0,0
8,2009/5/16 23:12,3987606,11633406,141,0,1
8,2009/5/16 23:13,3987598,11633157,267,977,0
8,2009/5/16 23:14,3987585,11632579,267,1286,1
8,2009/5/16 23:14,3987584,11632551,264,1028,0
8,2009/5/16 23:15,3987490,11631893,207,205,1
8,2009/5/16 23:21,3986715,11630398,87,0,0
8,2009/5/16 23:25,3987862,11628906,168,0,1
8,2009/5/16 23:29,3988512,11629676,357,514,0
8,2009/5/16 23:36,3989590,11631942,270,1594,1
8,2009/5/16 23:43,3994494,11630421,159,0,0
8,2009/5/16 23:58,3995011,11631801,351,565,1
8,2009/5/16 23:59,3994760,11631290,258,565,0
9,2009/5/16 13:09,3988863,11647128,0,1131,1
9,2009/5/16 13:32,3993982,11643269,264,514,0
9,2009/5/16 13:40,3993985,11642846,285,565,1
9,2009/5/16 13:51,3994755,11636692,66,0,0
9,2009/5/16 13:53,3995098,11636543,354,1337,1
9,2009/5/16 13:53,3995135,11636539,354,1440,0
9,2009/5/16 13:54,3995487,11636512,354,1183,1
9,2009/5/16 14:02,3998829,11636286,99,0,0
9,2009/5/16 14:14,3996757,11636392,222,0,1
9,2009/5/16 14:48,4007914,11658653,30,0,0
9,2009/5/16 14:48,4007914,11658653,30,0,1
9,2009/5/16 14:48,4007914,11658655,216,0,0
9,2009/5/16 15:55,3985099,11625632,87,668,1
9,2009/5/16 17:27,4000076,11647435,342,0,0
9,2009/5/16 17:28,4000076,11647330,267,463,1
9,2009/5/16 17:31,3999522,11647003,132,617,0
10,2009/5/16 0:17,3989567,11641234,156,463,1
10,2009/5/16 0:27,3984676,11640850,12,0,0
10,2009/5/16 0:27,3984677,11640849,354,154,1
10,2009/5/16 0:28,3985227,11640824,357,1131,0
10,2009/5/16 1:05,3989561,11641145,267,926,1
10,2009/5/16 1:14,3989649,11637310,168,51,0
10,2009/5/16 18:51,3989467,11634810,87,308,1
10,2009/5/16 19:00,3988184,11636324,81,154,0
10,2009/5/16 19:01,3988198,11636368,267,926,1
10,2009/5/16 19:01,3988198,11636344,270,1028,0
10,2009/5/16 19:01,3988199,11636261,270,1183,1
10,2009/5/16 19:20,3989670,11630550,354,565,0
10,2009/5/16 19:54,3986862,11634792,177,257,1
10,2009/5/16 20:05,3987736,11644034,90,0,0
10,2009/5/16 20:07,3988447,11643971,348,1080,1
10,2009/5/16 20:30,3993403,11635288,297,0,0
10,2009/5/16 20:31,3993486,11635280,354,565,1
10,2009/5/16 20:31,3993497,11635279,357,565,0
10,2009/5/16 20:31,3993628,11635269,354,463,1
10,2009/5/16 20:39,3995777,11631703,333,411,0
10,2009/5/16 20:45,3995907,11632865,174,1389,1
10,2009/5/16 20:57,3993348,11629675,96,0,0
10,2009/5/16 21:05,3992681,11631684,267,874,1
10,2009/5/16 21:19,3992995,11624423,0,51,0
10,2009/5/16 21:32,3992260,11630116,87,1131,1
10,2009/5/16 21:46,3988332,11635725,177,257,0
10,2009/5/16 21:46,3988328,11635725,165,308,1
10,2009/5/16 21:46,3988241,11635723,177,926,0
10,2009/5/16 21:51,3989123,11635729,357,1183,1
10,2009/5/16 21:57,3989687,11636842,48,0,0
10,2009/5/16 22:00,3990136,11636783,177,1234,1
10,2009/5/16 22:09,3987452,11636379,273,926,0
10,2009/5/16 22:14,3989235,11636832,0,1028,1
10,2009/5/16 22:25,3985777,11636306,72,0,0
10,2009/5/16 22:38,3988192,11641474,0,0,1
10,2009/5/16 22:44,3990342,11641900,48,0,0
10,2009/5/16 22:48,3990710,11642751,84,1183,1
10,2009/5/16 22:59,3996593,11643426,84,0,0
10,2009/5/16 23:31,3989614,11641192,171,51,1
10,2009/5/16 23:45,3986736,11646947,351,0,0
11,2009/5/16 0:01,3981256,11638909,0,0,1
12,2009/5/16 0:00,3997917,11641838,327,0,0
12,2009/5/16 0:01,3997851,11641819,177,1028,1
12,2009/5/16 0:01,3997918,11641838,324,0,0
12,2009/5/16 0:02,3997574,11641831,177,1337,1
12,2009/5/16 0:13,3991875,11645144,57,0,0
12,2009/5/16 0:13,3991876,11645144,81,0,1
12,2009/5/16 0:13,3991876,11645144,75,0,0
12,2009/5/16 0:14,3991576,11645151,174,1080,1
12,2009/5/16 0:26,3996983,11640813,153,0,0
12,2009/5/16 0:37,3998059,11641810,357,1491,1
12,2009/5/16 0:50,3998500,11629912,147,0,0
12,2009/5/16 0:48,3998637,11629938,162,0,1
12,2009/5/16 0:50,3998500,11629913,174,0,0
12,2009/5/16 0:49,3998548,11629907,171,617,1
12,2009/5/16 0:50,3998500,11629913,174,0,0
12,2009/5/16 0:50,3998457,11629933,174,668,1
12,2009/5/16 1:03,3994596,11628208,57,0,0
12,2009/5/16 1:26,3994209,11630042,111,1028,1
12,2009/5/16 1:29,3994953,11630386,0,617,0
12,2009/5/16 1:27,3994017,11630552,141,771,1
12,2009/5/16 1:29,3994962,11630390,30,411,0
12,2009/5/16 1:31,3995216,11631108,3,977,1
12,2009/5/16 1:34,3995585,11631627,177,0,0
12,2009/5/16 5:18,3996327,11635481,354,1286,1
12,2009/5/16 5:23,3998026,11635312,72,360,0
12,2009/5/16 5:28,3997445,11633185,171,1080,1
12,2009/5/16 5:47,3990484,11642049,177,668,0
12,2009/5/16 5:54,3990691,11644415,165,0,1
12,2009/5/16 6:09,3989619,11631514,342,565,0
12,2009/5/16 6:40,3993938,11640797,90,1440,1
12,2009/5/16 6:45,3994344,11643237,18,257,0
12,2009/5/16 11:15,3995993,11647872,315,1028,1
12,2009/5/16 11:21,3996115,11644940,30,0,0
12,2009/5/16 11:26,3995991,11644259,129,720,1
12,2009/5/16 11:34,3994903,11644924,177,514,0
12,2009/5/16 11:35,3994892,11644925,180,565,1
12,2009/5/16 11:35,3994767,11644928,177,1080,0
12,2009/5/16 11:41,3995221,11645414,222,823,1
12,2009/5/16 12:01,3989908,11638836,330,0,0
12,2009/5/16 12:01,3989908,11638836,12,0,1
12,2009/5/16 12:01,3989910,11638836,339,0,0
12,2009/5/16 12:42,3996847,11647653,357,668,1
12,2009/5/16 12:54,3999240,11646784,189,0,0
12,2009/5/16 13:15,3996714,11647626,201,874,1
12,2009/5/16 13:33,4002088,11642768,270,154,0
12,2009/5/16 13:43,4000708,11643241,300,308,1
12,2009/5/16 14:08,3995816,11641220,174,102,0
12,2009/5/16 14:28,3996979,11647556,102,1080,1
12,2009/5/16 14:48,3994290,11644632,153,0,0
12,2009/5/16 15:17,3996972,11647833,264,0,1
12,2009/5/16 18:42,3996724,11647898,33,0,0
12,2009/5/16 18:48,3996642,11647597,21,874,1
12,2009/5/16 18:52,3997239,11647068,162,0,0
12,2009/5/16 18:56,3996980,11647555,267,668,1
12,2009/5/16 19:18,3989364,11646960,309,0,0
12,2009/5/16 19:19,3989315,11646964,180,874,1
12,2009/5/16 19:34,3986842,11641208,354,0,0
12,2009/5/16 20:02,3991939,11645562,354,668,1
12,2009/5/16 20:13,3988337,11644446,75,0,0
12,2009/5/16 20:13,3988337,11644447,75,0,1
12,2009/5/16 20:14,3988338,11644444,0,0,0
12,2009/5/16 20:34,3992088,11645572,111,0,1
12,2009/5/16 20:53,3990736,11641198,3,0,0
12,2009/5/16 20:59,3992187,11642000,354,1337,1
12,2009/5/16 21:08,3995276,11641849,150,0,0
12,2009/5/16 21:32,3996511,11647466,225,102,1
12,2009/5/16 21:45,3989919,11647254,168,0,0
12,2009/5/16 21:50,3991037,11646974,195,565,1
12,2009/5/16 21:58,3989234,11645426,354,0,0
12,2009/5/16 22:05,3990975,11645590,357,977,1
12,2009/5/16 22:16,3993533,11644924,354,257,0
12,2009/5/16 22:17,3993645,11644925,0,463,1
12,2009/5/16 22:24,3993317,11646480,174,0,0
12,2009/5/16 22:24,3993351,11646512,63,514,1
12,2009/5/16 22:33,3993578,11644925,0,308,0
12,2009/5/16 22:33,3993649,11644928,357,463,1
12,2009/5/16 22:37,3994591,11644405,297,0,0
12,2009/5/16 22:37,3994590,11644406,168,154,1
12,2009/5/16 22:37,3994584,11644408,162,514,0
12,2009/5/16 22:41,3994636,11644531,72,874,1
12,2009/5/16 23:03,3996227,11655051,96,0,0
13,2009/5/16 0:00,3993900,11631933,180,1594,1
13,2009/5/16 0:09,3992188,11636716,180,565,0
13,2009/5/16 0:15,3993435,11636667,351,360,1
13,2009/5/16 0:21,3993832,11634126,240,0,0
13,2009/5/16 0:38,3998581,11632717,351,617,1
13,2009/5/16 0:49,4002864,11634613,81,308,0
13,2009/5/16 0:50,4002864,11634559,255,720,1
13,2009/5/16 1:00,3997852,11636337,174,1183,0
13,2009/5/16 1:09,3999233,11635944,60,102,1
13,2009/5/16 1:11,3999233,11635928,0,0,0
13,2009/5/16 5:58,4000632,11633862,81,308,1
13,2009/5/16 6:16,3993936,11636017,276,154,0
13,2009/5/16 6:54,4001186,11634576,162,257,1
13,2009/5/16 6:59,3998968,11634675,198,102,0
13,2009/5/16 7:09,3999108,11632107,159,308,1
13,2009/5/16 7:16,3996639,11631935,177,720,0
13,2009/5/16 7:26,3997452,11631447,111,668,1
13,2009/5/16 7:43,3995224,11640372,75,0,0
13,2009/5/16 7:49,3996731,11640558,105,257,1
13,2009/5/16 7:58,3998907,11641792,357,411,0
13,2009/5/16 8:02,3999190,11641770,177,360,1
13,2009/5/16 8:19,3993089,11642884,282,51,0
13,2009/5/16 8:23,3994257,11642776,345,360,1
13,2009/5/16 10:25,4002605,11629987,0,0,0
13,2009/5/16 10:28,4002447,11630273,75,360,1
13,2009/5/16 11:01,4005058,11631881,48,308,0
13,2009/5/16 11:40,4000716,11634611,168,257,1
13,2009/5/16 11:45,3999167,11633307,267,617,0
13,2009/5/16 11:50,3999143,11632156,264,720,1
13,2009/5/16 12:22,3990802,11647194,3,205,0
13,2009/5/16 12:23,3990791,11647213,345,463,1
13,2009/5/16 12:29,3992158,11647979,90,257,0
13,2009/5/16 12:53,3998732,11640155,270,411,1
13,2009/5/16 13:04,4000392,11639833,276,102,0
13,2009/5/16 13:05,4000391,11639984,75,411,1
13,2009/5/16 13:18,3998728,11641943,96,205,0
13,2009/5/16 14:08,3999947,11633622,264,1183,1
13,2009/5/16 14:24,3998330,11631017,177,463,0
13,2009/5/16 14:37,3999126,11632238,87,977,1
13,2009/5/16 15:10,3990091,11627484,279,0,0
13,2009/5/16 15:33,3994307,11626891,12,617,1
13,2009/5/16 15:40,3994652,11623964,291,0,0
13,2009/5/16 15:51,3994661,11626959,348,411,1
13,2009/5/16 15:56,3995819,11628459,93,0,0
13,2009/5/16 16:01,3996514,11627511,261,463,1
13,2009/5/16 16:34,4000158,11646246,198,0,0
13,2009/5/16 16:45,3998811,11642942,267,720,1
13,2009/5/16 16:55,3996737,11643339,33,411,0
13,2009/5/16 17:14,3997680,11636376,354,565,1
13,2009/5/16 17:18,3999167,11636316,0,360,0
13,2009/5/16 17:27,3999975,11634784,258,771,1
13,2009/5/16 18:07,3996839,11636962,357,102,0
13,2009/5/16 18:12,3997388,11636384,354,463,1
13,2009/5/16 18:19,3998600,11635022,294,102,0
13,2009/5/16 18:22,3998635,11634750,354,205,1
13,2009/5/16 18:32,3997987,11632716,189,257,0
13,2009/5/16 18:41,3998186,11631052,351,823,1
13,2009/5/16 19:05,3988490,11622704,105,257,0
13,2009/5/16 19:39,3996465,11629160,339,617,1
13,2009/5/16 19:58,3999131,11632741,93,205,0
13,2009/5/16 20:37,4002664,11630743,348,514,1
13,2009/5/16 20:56,4005330,11633886,138,0,0
13,2009/5/16 20:58,4005423,11633718,351,720,1
13,2009/5/16 21:13,4003177,11635055,351,360,0
13,2009/5/16 21:17,4003176,11635032,150,514,1
13,2009/5/16 21:37,3996157,11635490,357,668,0
13,2009/5/16 21:44,3998380,11636340,9,360,1
13,2009/5/16 22:09,3999045,11636745,195,154,0
13,2009/5/16 22:22,3999968,11634435,264,565,1
13,2009/5/16 22:40,4000878,11626656,357,411,0
13,2009/5/16 22:58,4003174,11631328,309,463,1
13,2009/5/16 23:10,4008528,11626554,219,308,0
13,2009/5/16 23:18,4006487,11628052,165,463,1
13,2009/5/16 23:38,4000635,11634668,0,0,0
14,2009/5/16 0:07,3993201,11638880,93,1183,1
14,2009/5/16 0:22,3990819,11641010,159,0,0
14,2009/5/16 0:40,3993236,11644653,90,1543,1
14,2009/5/16 1:00,3990226,11656654,147,0,0
14,2009/5/16 1:30,3993600,11646869,30,0,1
14,2009/5/16 1:30,3993601,11646870,30,51,0
14,2009/5/16 1:31,3993449,11646732,216,1594,1
14,2009/5/16 1:39,3993443,11644931,0,0,0
14,2009/5/16 2:06,3993650,11645587,0,1440,1
14,2009/5/16 2:14,3992707,11642280,183,0,0
14,2009/5/16 2:27,3993612,11645586,0,1131,1
14,2009/5/16 2:27,3993637,11645586,0,1389,0
14,2009/5/16 2:28,3993957,11645575,0,0,1
14,2009/5/16 2:42,3989615,11641099,171,463,0
14,2009/5/16 2:42,3989601,11641096,174,411,1
14,2009/5/16 2:42,3989567,11641111,90,514,0
14,2009/5/16 3:03,3993597,11645592,0,411,1
14,2009/5/16 3:09,3993973,11642314,267,154,0
14,2009/5/16 3:20,3993961,11641550,267,1234,1
14,2009/5/16 3:20,3993962,11641503,270,1389,0
14,2009/5/16 3:21,3994033,11641052,0,1183,1
14,2009/5/16 3:30,3997032,11636787,33,0,0
14,2009/5/16 3:53,3997543,11638733,87,360,1
14,2009/5/16 3:58,3997997,11640293,9,463,0
14,2009/5/16 3:58,3998020,11640302,24,823,1
14,2009/5/16 3:59,3998119,11640368,30,823,0
14,2009/5/16 4:00,3998183,11640477,267,1286,1
14,2009/5/16 4:09,3997552,11636414,291,0,0
14,2009/5/16 4:30,3999225,11636059,90,565,1
14,2009/5/16 4:45,3995745,11630517,156,0,0
14,2009/5/16 4:50,3996063,11631662,354,1543,1
14,2009/5/16 5:08,3999999,11636080,0,0,0
14,2009/5/16 5:15,3999386,11641077,174,514,1
14,2009/5/16 5:26,3997521,11647342,132,257,0
14,2009/5/16 5:26,3997512,11647350,165,463,1
14,2009/5/16 5:27,3997335,11647160,219,2006,0
14,2009/5/16 11:09,3999413,11644363,60,1080,1
14,2009/5/16 11:18,3997574,11645851,0,0,0
14,2009/5/16 11:28,3999352,11644177,27,308,1
14,2009/5/16 11:35,3999729,11646720,138,0,0
14,2009/5/16 11:50,3999375,11644249,63,0,1
14,2009/5/16 12:07,3992157,11648701,84,0,0
14,2009/5/16 12:19,3993611,11648403,0,926,1
14,2009/5/16 12:38,4005212,11660910,168,0,0
14,2009/5/16 15:05,3999057,11648609,219,2675,1
14,2009/5/16 15:25,3993405,11643770,0,0,0
14,2009/5/16 15:26,3993589,11643760,33,0,1
14,2009/5/16 16:06,3986169,11637117,123,1183,0
14,2009/5/16 16:19,3985010,11634521,249,617,1
14,2009/5/16 16:19,3985008,11634514,249,565,0
14,2009/5/16 16:19,3985004,11634498,252,411,1
14,2009/5/16 16:27,3985767,11635856,354,771,0
14,2009/5/16 17:27,3995456,11645592,33,257,1
14,2009/5/16 17:27,3995461,11645600,30,257,0
14,2009/5/16 17:27,3995494,11645623,36,565,1
14,2009/5/16 18:00,3988301,11647052,0,0,0
14,2009/5/16 18:05,3987545,11648322,180,308,1
14,2009/5/16 18:05,3987541,11648322,180,360,0
14,2009/5/16 18:05,3987516,11648320,174,102,1
14,2009/5/16 18:22,3983360,11646201,342,51,0
14,2009/5/16 19:12,3999471,11646766,39,874,1
14,2009/5/16 19:25,3995340,11645321,309,977,0
14,2009/5/16 19:32,3996666,11643646,219,668,1
14,2009/5/16 19:38,3996381,11642533,177,154,0
14,2009/5/16 19:39,3996219,11642526,177,926,1
14,2009/5/16 19:43,3995595,11641694,264,668,0
14,2009/5/16 19:50,3996766,11641496,81,1080,1
14,2009/5/16 19:50,3996767,11641506,81,874,0
14,2009/5/16 19:50,3996776,11641811,75,0,1
14,2009/5/16 19:57,3996069,11643230,126,205,0
14,2009/5/16 20:03,3996358,11643310,33,308,1
14,2009/5/16 20:16,3994742,11639166,87,514,0
14,2009/5/16 20:24,3995593,11641393,87,926,1
14,2009/5/16 20:43,3989079,11644429,138,0,0
14,2009/5/16 20:43,3989079,11644429,0,0,1
14,2009/5/16 20:43,3989082,11644426,213,0,0
14,2009/5/16 20:55,3990851,11645609,0,771,1
14,2009/5/16 21:16,3991562,11651192,258,102,0
14,2009/5/16 21:28,3991463,11646952,273,1028,1
14,2009/5/16 21:40,3996020,11644283,306,977,0
14,2009/5/16 22:26,3998233,11647333,51,1028,1
14,2009/5/16 22:49,4005289,11660967,261,0,0
14,2009/5/16 23:36,4007248,11658185,183,1903,1
14,2009/5/16 23:53,3999986,11645157,177,360,0
15,2009/5/16 0:00,3992121,11644459,120,288,1
15,2009/5/16 0:03,3992563,11643825,270,182,0
15,2009/5/16 0:23,3992068,11636713,170,816,1
15,2009/5/16 0:38,3990766,11634651,10,152,0
15,2009/5/16 0:46,3988226,11633551,200,258,1
15,2009/5/16 0:48,3988865,11633622,280,745,0
15,2009/5/16 0:58,3989629,11633620,80,1759,1
15,2009/5/16 1:09,3989831,11637803,350,258,0
15,2009/5/16 1:34,3999270,11637407,20,572,1
15,2009/5/16 1:44,3995007,11640041,260,1039,0
15,2009/5/16 2:03,3998924,11637490,260,136,1
15,2009/5/16 2:14,4000585,11634262,180,527,0
15,2009/5/16 2:29,4000619,11633543,10,0,1
15,2009/5/16 2:34,4001220,11634222,0,0,0
15,2009/5/16 2:39,3999957,11633222,190,0,1
15,2009/5/16 2:44,3999163,11632668,170,0,0
15,2009/5/16 2:56,3999159,11633222,260,593,1
15,2009/5/16 3:14,4004881,11629825,240,1637,0
15,2009/5/16 3:24,4001937,11631092,120,0,1
15,2009/5/16 3:24,4001937,11631093,120,0,0
15,2009/5/16 3:29,4001469,11629288,250,0,1
15,2009/5/16 3:29,4001469,11629288,250,0,0
15,2009/5/16 7:07,3998973,11637653,250,349,1
15,2009/5/16 7:13,4000134,11640407,80,735,0
15,2009/5/16 7:15,4000382,11640256,170,91,1
15,2009/5/16 7:27,3995225,11636544,350,562,0
15,2009/5/16 7:30,3994943,11636131,250,684,1
15,2009/5/16 7:42,3996883,11633263,290,0,0
15,2009/5/16 7:57,3996902,11633243,290,0,1
15,2009/5/16 8:15,3993150,11627089,260,0,0
15,2009/5/16 8:22,3994544,11626921,260,0,1
15,2009/5/16 10:37,3990987,11631424,300,0,0
15,2009/5/16 10:43,3990952,11632393,90,1318,1
15,2009/5/16 10:55,3992366,11634671,80,0,0
15,2009/5/16 11:03,3993120,11632918,260,1003,1
15,2009/5/16 11:18,3993204,11635303,170,547,0
15,2009/5/16 11:23,3994973,11634941,0,0,1
15,2009/5/16 11:23,3995079,11634928,350,613,0
15,2009/5/16 11:38,3996726,11634835,350,1267,1
15,2009/5/16 11:41,3998029,11635280,130,0,0
15,2009/5/16 11:53,3997877,11637180,90,400,1
15,2009/5/16 12:04,3999663,11641829,0,684,0
15,2009/5/16 12:13,4001161,11641027,0,1480,1
15,2009/5/16 12:23,4004227,11641504,110,1196,0
15,2009/5/16 12:28,4003948,11642382,120,0,1
15,2009/5/16 12:34,4004934,11644550,100,0,0
15,2009/5/16 12:54,4004033,11642017,260,314,1
15,2009/5/16 13:09,3999377,11640521,90,329,0
15,2009/5/16 13:23,3999277,11640139,170,512,1
15,2009/5/16 13:26,3998386,11639684,40,0,0
15,2009/5/16 13:36,3999304,11640132,180,370,1
15,2009/5/16 13:49,3997630,11637479,160,0,0
15,2009/5/16 14:24,3998604,11634801,290,152,1
15,2009/5/16 14:34,4000621,11634614,160,598,0
15,2009/5/16 14:39,3998575,11634353,260,1439,1
15,2009/5/16 14:54,3997850,11630630,330,481,0
15,2009/5/16 14:56,3998222,11630528,10,288,1
15,2009/5/16 15:07,3999214,11632071,80,821,0
15,2009/5/16 16:00,3993108,11632758,70,0,1
15,2009/5/16 16:05,3992248,11633845,0,0,0
15,2009/5/16 16:10,3992184,11634986,170,1348,1
15,2009/5/16 19:11,3983482,11633991,350,2022,0
15,2009/5/16 20:02,3996626,11636414,0,0,1
15,2009/5/16 20:17,3999225,11636758,90,0,0
16,2009/5/16 0:00,4001483,11645002,291,2212,1
16,2009/5/16 0:10,4003989,11641439,225,102,0
16,2009/5/16 0:30,3998733,11641795,162,720,1
16,2009/5/16 0:37,3996985,11644493,201,0,0
16,2009/5/16 0:51,3993254,11644802,267,926,1
16,2009/5/16 1:09,3989589,11641699,267,0,0
16,2009/5/16 1:09,3989590,11641700,288,0,1
16,2009/5/16 1:09,3989590,11641699,291,0,0
16,2009/5/16 1:40,3989523,11645517,168,1286,1
16,2009/5/16 1:48,3992922,11642830,357,1131,0
16,2009/5/16 1:52,3993212,11644088,18,102,1
16,2009/5/16 1:52,3993213,11644090,18,0,0
16,2009/5/16 1:53,3993242,11643824,267,1028,1
16,2009/5/16 2:00,3996114,11643179,132,0,0
16,2009/5/16 2:05,3995638,11643878,312,1131,1
16,2009/5/16 2:14,3998314,11641434,0,0,0
16,2009/5/16 2:14,3998314,11641434,0,0,1
16,2009/5/16 2:14,3998318,11641434,132,102,0
16,2009/5/16 2:16,3998210,11641299,267,1286,1
16,2009/5/16 2:28,4004774,11640214,0,0,0
16,2009/5/16 2:31,4004470,11640582,180,1080,1
16,2009/5/16 2:35,4003323,11641635,60,0,0
16,2009/5/16 2:35,4003323,11641635,0,0,1
16,2009/5/16 2:36,4003324,11641623,0,257,0
16,2009/5/16 2:51,3996982,11641848,177,1440,1
16,2009/5/16 2:56,3995460,11643905,198,0,0
16,2009/5/16 2:56,3995458,11643905,168,205,1
16,2009/5/16 2:56,3995484,11643943,39,0,0
16,2009/5/16 2:57,3995562,11644022,39,1131,1
16,2009/5/16 3:06,3992922,11647376,183,0,0
16,2009/5/16 3:24,3989221,11645505,171,617,1
16,2009/5/16 3:44,3984471,11646845,321,2315,0
16,2009/5/16 9:25,3988062,11645845,90,463,1
16,2009/5/16 12:09,3988298,11645795,90,977,0
17,2009/5/16 0:10,4001409,11634716,261,205,1
17,2009/5/16 0:19,3997579,11633915,285,308,0
17,2009/5/16 0:22,3997530,11633761,255,257,1
17,2009/5/16 0:25,3998067,11633037,285,0,0
17,2009/5/16 0:27,3998068,11632817,303,257,1
17,2009/5/16 0:37,4001004,11631731,87,411,0
17,2009/5/16 1:06,3996864,11626965,210,2263,1
17,2009/5/16 1:25,3990631,11619333,105,0,0
17,2009/5/16 1:42,3990614,11626341,90,1543,1
17,2009/5/16 1:50,3990239,11631076,165,1080,0
17,2009/5/16 2:03,3991696,11634890,102,463,1
17,2009/5/16 2:12,3987968,11632897,261,0,0
17,2009/5/16 2:15,3988328,11632554,267,565,1
17,2009/5/16 2:36,3996699,11641155,174,0,0
17,2009/5/16 2:42,3994820,11641000,171,874,1
17,2009/5/16 2:54,3989625,11643039,141,205,0
17,2009/5/16 5:48,3990348,11642175,87,257,1
17,2009/5/16 5:56,3990529,11643758,336,205,0
17,2009/5/16 6:48,3991212,11644997,90,1749,1
17,2009/5/16 7:09,4005349,11661106,276,1491,0
17,2009/5/16 10:25,4004556,11660007,207,0,1
17,2009/5/16 10:49,4009065,11658201,171,1543,0
17,2009/5/16 11:04,4005312,11660906,264,308,1
17,2009/5/16 12:26,4008680,11632873,261,205,0
17,2009/5/16 12:35,4007365,11631219,243,617,1
17,2009/5/16 12:50,4007289,11626482,93,257,0
17,2009/5/16 12:56,4007290,11626429,153,617,1
17,2009/5/16 13:35,3996668,11636257,69,0,0
17,2009/5/16 13:51,3997282,11632790,120,360,1
17,2009/5/16 14:07,4000363,11630932,237,0,0
17,2009/5/16 14:21,3999146,11633240,84,308,1
17,2009/5/16 15:05,3995128,11646638,114,102,0
17,2009/5/16 15:06,3995141,11646665,48,565,1
17,2009/5/16 15:10,3994578,11645626,279,514,0
17,2009/5/16 15:15,3994307,11646283,207,102,1
17,2009/5/16 15:48,3989204,11644994,201,0,0
17,2009/5/16 16:07,3989725,11645271,339,463,1
17,2009/5/16 16:38,3995099,11655274,0,360,0
17,2009/5/16 16:40,3994998,11655374,183,154,1
17,2009/5/16 17:13,3993347,11645593,108,0,0
17,2009/5/16 17:47,3995320,11644309,321,154,1
17,2009/5/16 18:26,3991487,11650115,267,823,0
17,2009/5/16 18:27,3991494,11650027,261,720,1
17,2009/5/16 18:41,3992632,11645760,186,514,0
17,2009/5/16 18:53,3993248,11644625,255,205,1
17,2009/5/16 19:23,3995226,11637880,279,154,0
17,2009/5/16 19:48,3997524,11634943,333,0,1
17,2009/5/16 20:07,3990663,11629665,261,308,0
17,2009/5/16 20:08,3990688,11629613,0,257,1
17,2009/5/16 20:16,3991165,11629046,282,102,0
17,2009/5/16 20:21,3992243,11629654,84,463,1
17,2009/5/16 20:34,3997589,11630413,51,51,0
17,2009/5/16 21:01,3996624,11631793,267,360,1
17,2009/5/16 21:15,3999495,11631196,96,102,0
17,2009/5/16 21:19,3999593,11631281,72,617,1
17,2009/5/16 21:32,3997805,11636641,180,205,0
17,2009/5/16 21:42,3997521,11633959,267,411,1
17,2009/5/16 21:54,3998270,11629805,297,257,0
17,2009/5/16 22:18,3996618,11631935,261,565,1
17,2009/5/16 22:40,3987249,11645372,258,668,0
17,2009/5/16 22:55,3989043,11645591,3,308,1
17,2009/5/16 23:21,3990315,11628876,204,205,0
17,2009/5/16 23:29,3992236,11629604,84,771,1
17,2009/5/16 23:35,3993903,11630173,108,154,0
18,2009/5/16 6:16,3990378,11641996,264,823,1
18,2009/5/16 6:38,3983661,11636181,117,0,0
18,2009/5/16 6:41,3984785,11635891,357,1234,1
18,2009/5/16 6:56,3989530,11629862,15,0,0
18,2009/5/16 7:14,3989042,11630407,177,1440,1
18,2009/5/16 7:26,3985104,11630378,228,0,0
18,2009/5/16 7:41,3985281,11635670,66,1389,1
18,2009/5/16 7:49,3984683,11639401,48,0,0
18,2009/5/16 7:49,3984684,11639401,30,0,1
18,2009/5/16 7:50,3984473,11639417,177,720,0
18,2009/5/16 7:55,3984820,11639452,354,617,1
18,2009/5/16 8:17,3989637,11636869,162,0,0
18,2009/5/16 8:19,3989721,11636857,354,565,1
18,2009/5/16 10:24,3991268,11635917,87,154,0
18,2009/5/16 11:14,3984966,11634414,246,1389,1
18,2009/5/16 12:06,3990546,11622143,138,257,0
18,2009/5/16 12:08,3990612,11622226,108,463,1
18,2009/5/16 12:20,3991801,11624959,324,0,0
18,2009/5/16 12:50,3989597,11630589,267,823,1
18,2009/5/16 13:03,3995316,11631115,111,0,0
18,2009/5/16 13:03,3995312,11631126,216,0,1
18,2009/5/16 13:21,3999123,11632462,87,463,0
18,2009/5/16 13:22,3999001,11632650,177,1234,1
18,2009/5/16 13:36,3993730,11633256,264,257,0
18,2009/5/16 13:36,3993729,11633253,261,308,1
18,2009/5/16 14:08,3984822,11627609,150,0,0
18,2009/5/16 14:26,3987718,11630551,354,874,1
18,2009/5/16 15:02,3990666,11645317,93,308,0
18,2009/5/16 15:35,3990376,11642011,261,668,1
18,2009/5/16 15:53,3988506,11638699,180,0,0
18,2009/5/16 15:55,3988487,11637874,312,411,1
18,2009/5/16 17:02,3999206,11634629,180,0,0
18,2009/5/16 17:10,3999177,11633087,6,411,1
18,2009/5/16 17:16,4000784,11632452,315,0,0
18,2009/5/16 17:46,3998052,11631042,177,463,1
18,2009/5/16 18:08,3994628,11633247,261,565,0
18,2009/5/16 18:09,3994621,11633338,81,823,1
18,2009/5/16 18:15,3995765,11632905,354,102,0
18,2009/5/16 18:18,3996070,11633419,84,874,1
18,2009/5/16 18:46,3986732,11635779,354,0,0
18,2009/5/16 19:26,3986833,11636823,162,0,1
18,2009/5/16 19:42,3989885,11639434,306,0,0
18,2009/5/16 19:45,3989929,11640414,81,565,1
18,2009/5/16 19:54,3988720,11642357,42,0,0
18,2009/5/16 20:49,3990354,11642221,72,154,1
18,2009/5/16 21:14,3997100,11635962,165,0,0
18,2009/5/16 21:36,3990996,11636754,177,720,1
18,2009/5/16 21:56,3991371,11642843,177,514,0
18,2009/5/16 22:00,3990541,11642072,177,411,1
18,2009/5/16 22:25,3989549,11635741,303,0,0
18,2009/5/16 22:25,3989578,11635730,0,514,1
18,2009/5/16 22:31,3989665,11633645,189,0,0
18,2009/5/16 22:32,3989644,11633372,261,668,1
18,2009/5/16 22:42,3988207,11632332,105,0,0
18,2009/5/16 23:09,3988921,11630419,177,2057,1
18,2009/5/16 23:26,3986483,11645357,336,0,0
18,2009/5/16 23:33,3988810,11645567,0,874,1
18,2009/5/16 23:49,3993360,11646655,198,720,0
19,2009/5/16 0:01,3990786,11648217,216,1543,1
19,2009/5/16 0:22,3992520,11644892,180,617,0
19,2009/5/16 0:51,3992201,11644910,51,926,1
19,2009/5/16 0:51,3992208,11644950,84,1286,0
19,2009/5/16 0:52,3992199,11645471,120,0,1
19,2009/5/16 0:55,3993965,11645582,354,463,0
19,2009/5/16 0:59,3993443,11644909,180,308,1
19,2009/5/16 1:09,3993642,11646921,6,463,0
19,2009/5/16 1:09,3993603,11646918,171,565,1
19,2009/5/16 1:10,3993649,11646917,3,565,0
19,2009/5/16 1:11,3993553,11646832,207,1491,1
19,2009/5/16 1:21,3989909,11646531,240,0,0
19,2009/5/16 1:28,3990630,11644529,6,668,1
19,2009/5/16 1:37,3988504,11645545,0,0,0
19,2009/5/16 1:52,3988805,11645546,0,1389,1
19,2009/5/16 1:55,3988301,11646663,0,0,0
19,2009/5/16 1:56,3988316,11646324,270,1749,1
19,2009/5/16 1:57,3988318,11646240,270,1131,0
19,2009/5/16 1:58,3988465,11645749,87,308,1
19,2009/5/16 2:08,3985966,11649868,234,51,0
19,2009/5/16 2:08,3985966,11649854,267,617,1
19,2009/5/16 2:08,3985963,11649478,270,1028,0
19,2009/5/16 2:10,3986609,11649416,300,51,1
19,2009/5/16 2:10,3986611,11649416,0,257,0
19,2009/5/16 2:10,3986648,11649415,3,308,1
19,2009/5/16 2:30,3996472,11644415,0,0,0
19,2009/5/16 2:38,3993533,11641957,177,720,1
19,2009/5/16 2:46,3992568,11644230,0,0,0
19,2009/5/16 2:58,3993448,11644796,90,154,1
19,2009/5/16 3:19,3989745,11645252,81,823,0
19,2009/5/16 3:29,3989751,11645476,132,0,1
19,2009/5/16 3:29,3989751,11645476,0,0,0
19,2009/5/16 3:31,3989749,11645478,90,308,1
19,2009/5/16 3:39,3989959,11650014,72,0,0
19,2009/5/16 3:48,3990716,11646953,270,1749,1
19,2009/5/16 3:54,3988028,11644977,81,0,0
19,2009/5/16 3:57,3988328,11643984,267,1594,1
19,2009/5/16 4:18,3980509,11642155,0,0,0
19,2009/5/16 4:24,3980364,11639685,267,514,1
19,2009/5/16 4:25,3980949,11639641,0,0,0
19,2009/5/16 4:26,3981477,11639616,0,1491,1
19,2009/5/16 4:37,3984679,11635902,0,0,0
19,2009/5/16 6:32,3991492,11654585,267,1646,1
19,2009/5/16 6:38,3990696,11650405,270,2212,0
19,2009/5/16 6:51,3989732,11647170,0,668,1
19,2009/5/16 6:56,3990729,11647596,267,874,0
19,2009/5/16 7:10,3992562,11644552,276,771,1
19,2009/5/16 7:25,3996429,11638193,60,0,0
19,2009/5/16 7:26,3996655,11638195,18,565,1
19,2009/5/16 7:41,3987816,11645463,0,0,0
19,2009/5/16 7:54,3989211,11646189,270,1131,1
19,2009/5/16 8:08,3993798,11648577,99,102,0
19,2009/5/16 8:11,3993551,11648660,282,514,1
19,2009/5/16 8:25,3991633,11644229,246,102,0
19,2009/5/16 11:40,3992869,11646326,255,874,1
19,2009/5/16 11:40,3992867,11646315,249,926,0
19,2009/5/16 11:41,3992846,11646237,252,154,1
19,2009/5/16 11:59,3988144,11644998,180,154,0
19,2009/5/16 11:59,3988177,11644993,198,0,1
19,2009/5/16 11:59,3988139,11644998,180,154,0
19,2009/5/16 12:17,3990431,11645471,177,720,1
19,2009/5/16 12:30,3985917,11646118,144,0,0
19,2009/5/16 12:33,3986451,11645307,306,565,1
19,2009/5/16 12:48,3990424,11642056,0,0,0
19,2009/5/16 12:49,3990367,11641941,267,1131,1
19,2009/5/16 12:54,3990203,11640081,0,1028,0
19,2009/5/16 12:54,3990400,11640073,354,668,1
19,2009/5/16 12:58,3991051,11640062,0,771,0
19,2009/5/16 13:19,3992259,11643373,93,0,1
19,2009/5/16 13:27,3991907,11643870,276,874,0
19,2009/5/16 14:14,3993183,11644426,0,1028,1
19,2009/5/16 14:22,3994437,11645595,90,0,0
19,2009/5/16 14:29,3994783,11645592,3,617,1
19,2009/5/16 14:42,3998313,11648362,0,0,0
19,2009/5/16 15:09,3995379,11645177,129,874,1
19,2009/5/16 15:16,3993447,11645595,351,154,0
19,2009/5/16 15:17,3993978,11645579,330,154,1
19,2009/5/16 15:40,3994918,11636563,0,0,0
19,2009/5/16 15:43,3996221,11636439,351,1183,1
19,2009/5/16 16:11,3995405,11647512,66,411,0
19,2009/5/16 19:13,3990996,11647313,309,0,1
19,2009/5/16 19:43,3996529,11629121,135,0,0
19,2009/5/16 19:48,3996314,11629570,69,1286,1
19,2009/5/16 19:48,3996323,11629593,63,1028,0
19,2009/5/16 19:49,3996580,11629593,348,874,1
19,2009/5/16 19:56,3995913,11629749,234,977,0
19,2009/5/16 20:02,3996509,11630100,189,205,1
19,2009/5/16 20:13,3997459,11625954,102,51,0
19,2009/5/16 20:28,3995666,11628210,174,102,1
19,2009/5/16 20:54,4004526,11633398,0,51,0
19,2009/5/16 21:20,3997897,11636345,168,411,1
19,2009/5/16 21:27,3995383,11636514,351,977,0
19,2009/5/16 21:33,3993956,11636638,171,411,1
19,2009/5/16 21:35,3994068,11635752,210,0,0
19,2009/5/16 21:45,3991740,11636733,189,154,1
19,2009/5/16 22:06,3989809,11622790,279,0,0
19,2009/5/16 22:09,3990259,11623880,87,1440,1
19,2009/5/16 22:19,3992898,11625393,177,977,0
19,2009/5/16 22:24,3992705,11627490,174,308,1
19,2009/5/16 22:34,3988267,11625836,204,51,0
19,2009/5/16 22:41,3989903,11627273,90,668,1
19,2009/5/16 22:42,3989895,11627504,81,565,0
19,2009/5/16 22:47,3990589,11628907,0,565,1
19,2009/5/16 22:56,3990854,11624283,0,617,0
19,2009/5/16 22:56,3990859,11624284,6,565,1
19,2009/5/16 22:56,3990912,11624383,90,926,0
19,2009/5/16 23:00,3990650,11624712,24,102,1
19,2009/5/16 23:06,3988828,11625015,87,720,0
19,2009/5/16 23:06,3988828,11625038,87,1028,1
19,2009/5/16 23:06,3988824,11625207,90,1800,0
19,2009/5/16 23:18,3991305,11628905,0,1800,1
19,2009/5/16 23:25,3994374,11627160,183,257,0
19,2009/5/16 23:26,3994514,11627531,93,514,1
19,2009/5/16 23:49,4000060,11646973,354,205,0
19,2009/5/16 23:53,3998312,11646677,219,1440,1
19,2009/5/16 23:53,3998303,11646667,219,1337,0
20,2009/5/16 0:04,4005098,11660626,165,1491,1
20,2009/5/16 1:23,3979058,11634243,351,1080,0
20,2009/5/16 18:05,3986535,11635377,351,411,1
20,2009/5/16 18:13,3988504,11635765,75,154,0
20,2009/5/16 18:16,3988317,11635738,171,565,1
20,2009/5/16 18:30,3988119,11629871,165,0,0
20,2009/5/16 18:38,3988189,11630120,57,1337,1
20,2009/5/16 19:10,3991847,11649000,180,0,0
20,2009/5/16 19:22,3992016,11648321,165,514,1
20,2009/5/16 19:38,3987457,11646160,180,514,0
20,2009/5/16 19:44,3988092,11645523,0,720,1
20,2009/5/16 19:53,3991222,11645388,189,51,0
20,2009/5/16 19:56,3991469,11645527,174,977,1
20,2009/5/16 20:13,3986205,11642763,168,0,0
20,2009/5/16 20:16,3985943,11642566,171,565,1
20,2009/5/16 20:22,3985700,11638500,36,0,0
20,2009/5/16 20:28,3985592,11637735,270,463,1
20,2009/5/16 20:38,3987096,11635970,51,0,0
20,2009/5/16 20:40,3987445,11636170,84,463,1
20,2009/5/16 20:50,3986403,11638096,309,102,0
20,2009/5/16 21:12,3986717,11636822,0,617,1
20,2009/5/16 21:27,3988596,11646020,45,0,0
20,2009/5/16 21:33,3989107,11645491,174,514,1
20,2009/5/16 21:47,3984721,11636330,186,411,0
20,2009/5/16 22:03,3986390,11638227,267,720,1
20,2009/5/16 22:10,3986982,11634227,306,0,0
20,2009/5/16 22:14,3986511,11635399,78,411,1
20,2009/5/16 22:59,3980212,11649776,243,0,0
20,2009/5/16 23:01,3979980,11649302,234,617,1
20,2009/5/16 23:34,3992393,11628103,117,0,0
21,2009/5/16 0:00,3999156,11633428,102,0,1
21,2009/5/16 0:20,4004042,11631231,234,0,0
21,2009/5/16 1:00,3998344,11633108,255,154,1
21,2009/5/16 1:19,3990004,11641060,327,0,0
21,2009/5/16 1:46,3997542,11636568,258,565,1
21,2009/5/16 1:59,4003627,11634922,348,154,0
21,2009/5/16 10:25,3997105,11637514,3,360,1
21,2009/5/16 10:45,3994035,11645595,24,360,0
21,2009/5/16 10:47,3994503,11645593,336,205,1
21,2009/5/16 10:50,3994780,11646619,165,102,0
21,2009/5/16 10:53,3994295,11646194,249,360,1
21,2009/5/16 11:18,3993082,11636666,186,514,0
21,2009/5/16 11:37,3995229,11636536,351,257,1
21,2009/5/16 11:44,3997207,11634390,273,308,0
21,2009/5/16 11:45,3997214,11634223,345,360,1
21,2009/5/16 11:57,3998392,11642477,180,977,0
21,2009/5/16 11:59,3997901,11642477,174,463,1
21,2009/5/16 12:17,3992296,11641582,99,720,0
21,2009/5/16 14:57,3996743,11637248,252,205,1
21,2009/5/16 15:19,3993694,11643162,276,205,0
21,2009/5/16 15:23,3993247,11643041,258,154,1
21,2009/5/16 15:31,3992553,11644640,93,308,0
21,2009/5/16 15:36,3993242,11643707,264,411,1
21,2009/5/16 15:44,3991086,11642795,264,154,0
21,2009/5/16 15:50,3991795,11641151,357,565,1
21,2009/5/16 16:02,3992860,11644680,54,51,0
21,2009/5/16 16:24,3993624,11638990,354,308,1
21,2009/5/16 16:39,3998820,11639468,183,0,0
21,2009/5/16 17:04,3996759,11637396,183,308,1
21,2009/5/16 17:09,3996655,11634452,297,205,0
21,2009/5/16 17:25,3996605,11633360,84,102,1
21,2009/5/16 17:44,3998471,11631590,129,0,0
21,2009/5/16 17:45,3998473,11631583,225,51,1
21,2009/5/16 17:51,3998139,11632733,324,0,0
21,2009/5/16 17:52,3998201,11632730,354,617,1
21,2009/5/16 17:59,3998048,11630762,93,0,0
21,2009/5/16 18:00,3998031,11630737,354,308,1
21,2009/5/16 18:36,3992089,11644045,102,360,0
21,2009/5/16 18:55,3993943,11638736,267,102,1
21,2009/5/16 19:20,3991077,11637028,234,0,0
21,2009/5/16 19:31,3991675,11636744,357,308,1
21,2009/5/16 20:23,4007651,11642702,99,0,0
21,2009/5/16 20:46,4000134,11640291,252,102,1
21,2009/5/16 20:57,3996056,11640469,93,668,0
21,2009/5/16 21:05,3996492,11638854,348,257,1
21,2009/5/16 21:25,4006038,11634765,264,0,0
21,2009/5/16 21:45,3998099,11637346,159,463,1
21,2009/5/16 22:00,3993202,11639618,87,771,0
21,2009/5/16 23:30,3996689,11636842,261,463,1
21,2009/5/16 23:38,3994186,11636876,165,102,0
21,2009/5/16 23:43,3994649,11636606,342,205,1
22,2009/5/16 0:00,3987003,11645507,0,0,0
22,2009/5/16 0:19,3981449,11639554,177,977,1
22,2009/5/16 6:11,3979292,11634183,351,2057,0
22,2009/5/16 6:18,3982153,11633670,99,154,1
22,2009/5/16 6:30,3985548,11640388,72,0,0
22,2009/5/16 6:35,3985546,11640134,264,1080,1
22,2009/5/16 6:46,3989284,11637858,309,0,0
22,2009/5/16 6:48,3989843,11637802,0,205,1
22,2009/5/16 6:54,3990772,11635091,321,257,0
22,2009/5/16 6:54,3990776,11635087,327,257,1
22,2009/5/16 6:55,3990991,11635070,0,1337,0
22,2009/5/16 7:06,3988260,11634245,177,1337,1
22,2009/5/16 7:14,3986273,11637217,306,0,0
22,2009/5/16 7:40,3985550,11637211,90,823,1
22,2009/5/16 7:56,3988879,11643376,354,668,0
23,2009/5/16 0:05,3994437,11636611,0,1594,1
23,2009/5/16 0:20,3996066,11649043,168,0,0
23,2009/5/16 0:32,3993241,11644790,267,1440,1
23,2009/5/16 0:38,3992718,11643779,276,0,0
23,2009/5/16 0:39,3992718,11643758,189,205,1
23,2009/5/16 1:16,3983540,11627817,174,874,0
23,2009/5/16 1:29,3984763,11632751,354,0,1
23,2009/5/16 1:34,3985676,11630821,87,1286,0
23,2009/5/16 1:40,3987608,11630556,354,977,1
23,2009/5/16 1:48,3986611,11627912,90,0,0
23,2009/5/16 2:04,3991272,11633071,270,1543,1
23,2009/5/16 2:15,3985672,11630764,96,617,0
23,2009/5/16 2:15,3985667,11630872,102,874,1
23,2009/5/16 2:23,3982176,11633358,195,102,0
23,2009/5/16 2:23,3982173,11633358,165,205,1
23,2009/5/16 2:23,3982124,11633833,99,360,0
23,2009/5/16 2:34,3984879,11637607,282,771,1
23,2009/5/16 2:38,3984857,11636181,327,823,0
23,2009/5/16 2:59,3989437,11641232,144,617,1
23,2009/5/16 3:05,3989041,11644260,117,0,0
23,2009/5/16 3:08,3989238,11643893,273,977,1
23,2009/5/16 3:22,3990329,11656867,18,51,0
23,2009/5/16 3:22,3990331,11656867,348,102,1
23,2009/5/16 3:22,3990312,11657084,90,926,0
23,2009/5/16 3:38,3992998,11649598,39,668,1
23,2009/5/16 3:45,3992169,11648299,267,1903,0
23,2009/5/16 3:53,3993093,11643753,0,1440,1
23,2009/5/16 4:11,3999723,11646866,192,0,0
23,2009/5/16 17:36,4000235,11647235,177,1594,1
23,2009/5/16 17:36,4000191,11647238,177,1594,0
23,2009/5/16 17:36,4000163,11647239,177,1389,1
23,2009/5/16 18:00,3995799,11650030,6,0,0
23,2009/5/16 18:01,3995799,11650030,6,0,1
23,2009/5/16 18:13,3992195,11649224,267,617,0
23,2009/5/16 18:17,3992193,11647852,201,411,1
23,2009/5/16 18:24,3992392,11645580,0,1080,0
23,2009/5/16 18:24,3992412,11645580,0,1080,1
23,2009/5/16 18:24,3992532,11645576,0,1080,0
23,2009/5/16 18:32,3993242,11644485,111,0,1
23,2009/5/16 18:47,3990365,11641899,252,1286,0
23,2009/5/16 18:52,3991016,11641178,0,463,1
23,2009/5/16 19:00,3992282,11643176,36,0,0
23,2009/5/16 19:26,3990730,11644111,258,617,1
23,2009/5/16 19:41,3988689,11640401,264,102,0
23,2009/5/16 19:51,3989867,11637798,0,926,1
23,2009/5/16 20:09,3993198,11638698,99,0,0
23,2009/5/16 20:09,3993200,11638811,87,823,1
23,2009/5/16 20:23,3993968,11644006,87,463,0
23,2009/5/16 20:23,3993967,11644333,87,1080,1
23,2009/5/16 20:23,3993968,11644357,87,874,0
23,2009/5/16 20:24,3993954,11644412,165,617,1
23,2009/5/16 20:28,3993228,11644736,87,411,0
23,2009/5/16 20:38,3992862,11643748,0,617,1
23,2009/5/16 20:55,3999434,11645125,180,617,0
23,2009/5/16 20:58,3998792,11645411,255,668,1
23,2009/5/16 21:06,3997211,11641848,354,617,0
23,2009/5/16 21:44,3995232,11635535,354,51,1
23,2009/5/16 21:51,3997556,11636388,264,0,0
23,2009/5/16 22:04,3997543,11633700,312,514,1
23,2009/5/16 22:13,4000496,11636328,330,0,0
23,2009/5/16 22:18,3999466,11637415,0,1491,1
23,2009/5/16 22:24,4001455,11636276,48,0,0
23,2009/5/16 22:30,4000651,11634665,105,0,1
23,2009/5/16 22:34,3999993,11635826,261,0,0
23,2009/5/16 22:36,3999654,11635866,177,874,1
23,2009/5/16 22:47,3996137,11633639,126,102,0
23,2009/5/16 23:20,3993206,11638444,264,1234,1
23,2009/5/16 23:20,3993204,11638414,264,1234,0
23,2009/5/16 23:21,3993180,11637844,264,720,1
23,2009/5/16 23:32,3999258,11637199,213,0,0
23,2009/5/16 23:32,3999265,11637350,87,1389,1
23,2009/5/16 23:49,4004767,11640205,339,0,0
24,2009/5/16 0:00,3993115,11630403,180,2109,1
24,2009/5/16 0:03,3992902,11630441,0,1028,0
24,2009/5/16 0:03,3992963,11630446,0,617,1
24,2009/5/16 0:15,3992547,11630386,177,874,0
24,2009/5/16 0:49,3993945,11639740,90,463,1
24,2009/5/16 0:49,3993945,11639753,87,565,0
24,2009/5/16 0:49,3993945,11639911,90,308,1
24,2009/5/16 0:56,3992865,11639983,0,0,0
24,2009/5/16 0:56,3992866,11639983,0,0,1
24,2009/5/16 0:56,3992867,11639982,0,0,0
24,2009/5/16 1:01,3992085,11640008,177,1183,1
24,2009/5/16 1:01,3992062,11640009,177,1183,0
24,2009/5/16 1:02,3991858,11640022,0,0,1
24,2009/5/16 1:23,3990383,11642058,174,154,0
24,2009/5/16 1:57,3989808,11645555,105,0,1
24,2009/5/16 2:17,3991774,11649449,24,0,0
24,2009/5/16 2:45,3989753,11645462,0,0,1
24,2009/5/16 2:45,3989753,11645462,0,0,0
24,2009/5/16 2:45,3989753,11645462,0,0,1
24,2009/5/16 3:19,3991136,11639851,90,0,0
24,2009/5/16 3:32,3990384,11645520,177,771,1
24,2009/5/16 3:48,3983657,11641342,0,0,0
24,2009/5/16 4:03,3989520,11645203,354,51,1
24,2009/5/16 4:03,3989521,11645203,354,51,0
24,2009/5/16 4:03,3989531,11645216,72,463,1
24,2009/5/16 4:30,3991223,11660921,264,2057,0
24,2009/5/16 5:39,3999938,11650130,99,1234,1
24,2009/5/16 6:04,4001074,11650933,330,0,0
24,2009/5/16 6:10,3999720,11650791,174,1286,1
24,2009/5/16 6:16,3997351,11649346,0,0,0
24,2009/5/16 6:21,3998665,11648646,87,1286,1
24,2009/5/16 6:23,3998669,11649759,132,463,0
24,2009/5/16 6:52,3996713,11648337,264,514,1
24,2009/5/16 6:52,3996713,11648322,264,617,0
24,2009/5/16 6:52,3996711,11648261,264,720,1
24,2009/5/16 7:03,3999348,11644175,24,823,0
24,2009/5/16 7:09,4000568,11646127,177,668,1
24,2009/5/16 7:25,3996649,11648360,135,0,0
24,2009/5/16 7:46,3995904,11649919,324,1028,1
24,2009/5/16 7:46,3995936,11649890,324,1028,0
24,2009/5/16 7:46,3996092,11649767,336,360,1
24,2009/5/16 8:05,3999354,11645143,0,0,0
24,2009/5/16 10:43,3993115,11646086,180,257,1
24,2009/5/16 10:43,3993109,11646086,180,308,0
24,2009/5/16 10:43,3993048,11646084,174,514,1
24,2009/5/16 11:18,3991024,11635025,195,257,0
24,2009/5/16 13:08,3985701,11642684,78,360,1
24,2009/5/16 13:14,3985747,11644170,0,0,0
24,2009/5/16 14:24,3986769,11645506,6,668,1
24,2009/5/16 14:36,3990484,11645588,0,0,0
24,2009/5/16 14:44,3991236,11646850,264,926,1
24,2009/5/16 15:06,3994545,11643250,0,0,0
24,2009/5/16 15:14,3994950,11643753,42,720,1
24,2009/5/16 15:35,3993951,11639242,0,0,0
24,2009/5/16 15:44,3993519,11638982,0,0,1
24,2009/5/16 15:52,3993185,11637900,267,0,0
24,2009/5/16 16:03,3993196,11638532,102,0,1
24,2009/5/16 16:06,3993197,11638708,78,0,0
24,2009/5/16 16:33,3992995,11646083,183,463,1
24,2009/5/16 16:41,3992188,11645053,84,360,0
24,2009/5/16 16:44,3992184,11645732,84,926,1
24,2009/5/16 17:02,3990070,11648366,216,0,0
24,2009/5/16 17:56,3992976,11646986,267,1028,1
24,2009/5/16 18:18,3998109,11637861,87,720,0
24,2009/5/16 18:25,3998709,11640830,84,360,1
24,2009/5/16 18:33,3999477,11642300,270,0,0
24,2009/5/16 19:07,3994383,11646270,174,668,1
24,2009/5/16 19:07,3994365,11646272,171,617,0
24,2009/5/16 19:07,3994348,11646275,171,565,1
24,2009/5/16 19:30,3993973,11643726,87,1028,0
24,2009/5/16 19:40,3992405,11646079,171,154,1
24,2009/5/16 19:57,3986795,11646157,180,411,0
24,2009/5/16 20:13,3989179,11646526,87,617,1
24,2009/5/16 20:13,3989179,11646541,90,617,0
24,2009/5/16 20:14,3989180,11646627,0,0,1
24,2009/5/16 20:28,3985696,11650400,0,0,0
24,2009/5/16 20:39,3986904,11650505,90,926,1
24,2009/5/16 20:50,3984684,11651672,291,0,0
24,2009/5/16 21:04,3984003,11650137,90,617,1
24,2009/5/16 21:18,3985567,11651605,129,154,0
24,2009/5/16 21:32,3988020,11648681,306,463,1
24,2009/5/16 21:45,3988303,11644059,105,0,0
24,2009/5/16 21:48,3988308,11644636,105,0,1
24,2009/5/16 21:59,3986983,11646842,114,0,0
24,2009/5/16 22:09,3987835,11647100,177,51,1
24,2009/5/16 22:31,3988608,11647145,0,0,0
24,2009/5/16 22:44,3990961,11647188,0,0,1
24,2009/5/16 22:55,3993013,11649242,0,0,0
24,2009/5/16 23:15,3991021,11647201,354,0,1
24,2009/5/16 23:27,3991040,11646445,291,0,0
24,2009/5/16 23:47,3992036,11647234,345,0,1
24,2009/5/16 23:57,3990979,11648403,300,51,0
25,2009/5/16 8:25,3991602,11652071,270,770,1
25,2009/5/16 10:19,3996370,11634899,0,0,0
25,2009/5/16 11:11,3992181,11645792,90,359,1
25,2009/5/16 10:19,3996370,11634899,0,0,0
25,2009/5/16 11:14,3992164,11646915,90,1409,1
25,2009/5/16 10:19,3996370,11634899,0,0,0
25,2009/5/16 11:15,3992153,11647157,0,0,1
25,2009/5/16 10:19,3996370,11634899,0,0,0
25,2009/5/16 11:16,3992155,11647650,80,1206,1
25,2009/5/16 10:19,3996370,11634899,0,0,0
25,2009/5/16 11:17,3992165,11648206,90,1546,1
25,2009/5/16 10:19,3996370,11634899,0,0,0
25,2009/5/16 11:18,3992173,11648911,0,0,1
25,2009/5/16 10:19,3996370,11634899,0,0,0
25,2009/5/16 11:20,3991801,11649585,170,598,1
25,2009/5/16 10:19,3996370,11634899,0,0,0
25,2009/5/16 11:21,3991693,11649708,0,0,1
25,2009/5/16 10:19,3996370,11634899,0,0,0
26,2009/5/16 0:12,3992198,11644928,90,720,1
26,2009/5/16 0:17,3995145,11645628,171,0,0
26,2009/5/16 0:28,3992140,11643349,294,51,1
26,2009/5/16 0:39,3995692,11643791,327,0,0
26,2009/5/16 0:53,3992101,11643391,255,102,1
26,2009/5/16 1:01,3989596,11641692,243,360,0
26,2009/5/16 1:12,3992110,11643386,222,102,1
26,2009/5/16 1:24,3993922,11633978,204,0,0
26,2009/5/16 1:30,3993896,11635773,168,565,1
26,2009/5/16 1:32,3994018,11635272,159,0,0
26,2009/5/16 1:35,3994336,11635374,63,668,1
26,2009/5/16 1:44,3992454,11640442,186,0,0
26,2009/5/16 1:52,3991988,11643445,357,102,1
26,2009/5/16 2:07,3996250,11643622,192,0,0
26,2009/5/16 2:15,3992878,11646073,177,1440,1
26,2009/5/16 2:22,3991939,11650223,207,0,0
26,2009/5/16 2:21,3992122,11650147,171,514,1
26,2009/5/16 2:22,3991939,11650223,207,0,0
26,2009/5/16 10:29,3991411,11647472,90,1131,1
26,2009/5/16 10:36,3991847,11650028,66,0,0
26,2009/5/16 10:38,3991680,11649584,186,411,1
26,2009/5/16 10:44,3991000,11649515,240,0,0
26,2009/5/16 10:48,3991442,11649764,87,205,1
26,2009/5/16 11:06,3987700,11648326,192,0,0
26,2009/5/16 11:11,3987816,11647141,267,257,1
26,2009/5/16 11:33,3985610,11641322,354,0,0
26,2009/5/16 11:39,3985560,11641601,54,411,1
26,2009/5/16 12:08,3984721,11639869,108,0,0
26,2009/5/16 13:03,3991473,11649669,267,205,1
26,2009/5/16 13:13,3990736,11644345,78,0,0
26,2009/5/16 13:29,3991609,11644411,174,668,1
26,2009/5/16 13:41,3991420,11640921,276,463,0
26,2009/5/16 13:47,3990717,11642048,243,617,1
26,2009/5/16 14:04,3992688,11634615,270,668,0
26,2009/5/16 14:06,3992531,11634330,354,360,1
26,2009/5/16 14:18,3995839,11637344,0,874,0
26,2009/5/16 14:25,3996331,11637904,180,257,1
26,2009/5/16 15:01,3991274,11633547,51,0,0
26,2009/5/16 15:20,3990968,11636749,171,565,1
26,2009/5/16 15:40,3991285,11640274,174,926,0
26,2009/5/16 15:41,3991202,11640274,180,411,1
26,2009/5/16 16:12,3985214,11640395,75,102,0
26,2009/5/16 16:15,3985243,11640657,84,257,1
26,2009/5/16 16:27,3983730,11634122,15,411,0
26,2009/5/16 17:04,3986325,11636833,282,411,1
26,2009/5/16 17:47,3999086,11639713,303,205,0
26,2009/5/16 17:51,3999249,11640111,243,154,1
26,2009/5/16 18:04,3998628,11635922,336,411,0
26,2009/5/16 18:35,3994646,11641026,183,51,1
26,2009/5/16 18:59,3993220,11638740,270,463,0
26,2009/5/16 19:08,3992700,11638852,87,308,1
26,2009/5/16 19:26,3989606,11643262,222,205,0